1659777217.000000, IBI
10.031250,0.531250
10.578125,0.546875
11.125000,0.546875
11.687500,0.562500
12.281250,0.593750
34.625000,0.531250
35.156250,0.531250
59.250000,0.609375
67.437500,0.687500
68.125000,0.687500
73.453125,0.578125
74.031250,0.578125
74.640625,0.609375
106.218750,0.546875
106.796875,0.578125
107.437500,0.640625
132.281250,0.531250
132.828125,0.546875
133.343750,0.515625
133.859375,0.515625
134.406250,0.546875
134.906250,0.500000
140.421875,0.500000
140.921875,0.500000
141.421875,0.500000
141.984375,0.562500
142.546875,0.562500
143.046875,0.500000
163.406250,0.531250
163.906250,0.500000
164.421875,0.515625
164.953125,0.531250
165.468750,0.515625
165.984375,0.515625
166.500000,0.515625
167.031250,0.531250
167.546875,0.515625
168.062500,0.515625
168.640625,0.578125
169.234375,0.593750
169.765625,0.531250
170.265625,0.500000
170.828125,0.562500
171.390625,0.562500
171.968750,0.578125
205.312500,0.546875
205.859375,0.546875
206.406250,0.546875
206.937500,0.531250
214.640625,0.562500
222.218750,0.515625
226.250000,0.578125
226.812500,0.562500
227.406250,0.593750
228.015625,0.609375
228.593750,0.578125
267.843750,0.640625
268.453125,0.609375
269.046875,0.593750
269.656250,0.609375
270.234375,0.578125
270.796875,0.562500
271.359375,0.562500
271.937500,0.578125
272.531250,0.593750
273.140625,0.609375
273.750000,0.609375
274.453125,0.703125
275.171875,0.718750
275.906250,0.734375
276.593750,0.687500
277.234375,0.640625
277.875000,0.640625
278.515625,0.640625
279.156250,0.640625
279.796875,0.640625
280.406250,0.609375
281.031250,0.625000
281.625000,0.593750
282.281250,0.656250
282.968750,0.687500
283.593750,0.625000
284.218750,0.625000
284.859375,0.640625
285.484375,0.625000
286.093750,0.609375
286.687500,0.593750
287.281250,0.593750
287.890625,0.609375
288.484375,0.593750
289.062500,0.578125
289.625000,0.562500
290.203125,0.578125
290.765625,0.562500
291.343750,0.578125
291.921875,0.578125
292.515625,0.593750
293.125000,0.609375
293.750000,0.625000
302.515625,0.578125
303.062500,0.546875
303.625000,0.562500
304.171875,0.546875
304.734375,0.562500
305.281250,0.546875
305.859375,0.578125
306.468750,0.609375
307.125000,0.656250
307.796875,0.671875
308.515625,0.718750
309.234375,0.718750
309.953125,0.718750
310.625000,0.671875
311.312500,0.687500
312.015625,0.703125
320.296875,0.625000
320.937500,0.640625
321.578125,0.640625
322.156250,0.578125
322.812500,0.656250
323.437500,0.625000
324.046875,0.609375
324.656250,0.609375
325.281250,0.625000
325.906250,0.625000
326.546875,0.640625
327.171875,0.625000
327.781250,0.609375
328.468750,0.687500
329.109375,0.640625
329.750000,0.640625
330.343750,0.593750
330.984375,0.640625
331.609375,0.625000
341.593750,0.609375
350.546875,0.546875
351.078125,0.531250
351.625000,0.546875
352.156250,0.531250
378.187500,0.578125
378.750000,0.562500
379.296875,0.546875
379.859375,0.562500
380.437500,0.578125
381.015625,0.578125
381.609375,0.593750
382.234375,0.625000
382.843750,0.609375
383.437500,0.593750
384.046875,0.609375
384.640625,0.593750
385.234375,0.593750
385.812500,0.578125
386.375000,0.562500
386.937500,0.562500
387.515625,0.578125
388.078125,0.562500
388.671875,0.593750
389.281250,0.609375
389.875000,0.593750
393.359375,0.562500
393.968750,0.609375
401.265625,0.562500
427.281250,0.578125
434.328125,0.593750
434.937500,0.609375
435.593750,0.656250
436.250000,0.656250
436.890625,0.640625
437.484375,0.593750
438.078125,0.593750
438.656250,0.578125
439.234375,0.578125
439.812500,0.578125
440.359375,0.546875
464.671875,0.562500
465.234375,0.562500
465.796875,0.562500
466.375000,0.578125
483.984375,0.609375
484.578125,0.593750
485.171875,0.593750
485.765625,0.593750
486.375000,0.609375
486.953125,0.578125
487.546875,0.593750
488.125000,0.578125
488.687500,0.562500
489.265625,0.578125
489.812500,0.546875
490.343750,0.531250
490.906250,0.562500
504.750000,0.593750
517.843750,0.593750
518.453125,0.609375
519.046875,0.593750
519.656250,0.609375
527.546875,0.625000
528.187500,0.640625
528.796875,0.609375
529.421875,0.625000
530.031250,0.609375
530.656250,0.625000
531.234375,0.578125
531.828125,0.593750
532.453125,0.625000
533.015625,0.562500
544.375000,0.593750
544.953125,0.578125
545.546875,0.593750
546.140625,0.593750
546.734375,0.593750
547.312500,0.578125
547.921875,0.609375
548.515625,0.593750
549.140625,0.625000
549.718750,0.578125
569.578125,0.546875
570.109375,0.531250
607.171875,0.546875
607.718750,0.546875
608.328125,0.609375
608.921875,0.593750
609.593750,0.671875
610.312500,0.718750
611.015625,0.703125
611.734375,0.718750
612.484375,0.750000
613.218750,0.734375
613.875000,0.656250
621.578125,0.656250
622.234375,0.656250
622.921875,0.687500
623.625000,0.703125
624.296875,0.671875
624.968750,0.671875
625.625000,0.656250
626.218750,0.593750
626.765625,0.546875
627.328125,0.562500
627.859375,0.531250
628.437500,0.578125
648.437500,0.609375
649.078125,0.640625
649.703125,0.625000
650.312500,0.609375
650.906250,0.593750
651.500000,0.593750
652.109375,0.609375
652.687500,0.578125
653.312500,0.625000
653.890625,0.578125
654.484375,0.593750
655.078125,0.593750
655.703125,0.625000
656.343750,0.640625
656.968750,0.625000
657.609375,0.640625
658.250000,0.640625
658.921875,0.671875
659.562500,0.640625
666.312500,0.703125
667.062500,0.750000
667.796875,0.734375
668.531250,0.734375
669.265625,0.734375
675.906250,0.703125
676.593750,0.687500
677.265625,0.671875
677.921875,0.656250
682.765625,0.750000
683.453125,0.687500
684.156250,0.703125
684.875000,0.718750
685.500000,0.625000
686.125000,0.625000
686.812500,0.687500
687.468750,0.656250
688.109375,0.640625
688.765625,0.656250
689.453125,0.687500
694.015625,0.546875
698.015625,0.625000
698.703125,0.687500
699.359375,0.656250
700.015625,0.656250
700.656250,0.640625
701.343750,0.687500
702.000000,0.656250
702.656250,0.656250
703.343750,0.687500
704.000000,0.656250
704.687500,0.687500
705.296875,0.609375
705.937500,0.640625
706.578125,0.640625
707.250000,0.671875
707.921875,0.671875
708.562500,0.640625
709.234375,0.671875
709.906250,0.671875
713.109375,0.625000
713.765625,0.656250
714.421875,0.656250
715.062500,0.640625
715.687500,0.625000
716.359375,0.671875
717.046875,0.687500
717.718750,0.671875
718.390625,0.671875
719.031250,0.640625
719.687500,0.656250
720.375000,0.687500
721.000000,0.625000
721.640625,0.640625
722.281250,0.640625
722.937500,0.656250
723.625000,0.687500
724.265625,0.640625
724.890625,0.625000
725.546875,0.656250
726.234375,0.687500
727.000000,0.765625
727.765625,0.765625
728.468750,0.703125
729.171875,0.703125
729.890625,0.718750
730.656250,0.765625
731.359375,0.703125
732.015625,0.656250
732.687500,0.671875
733.312500,0.625000
733.953125,0.640625
734.593750,0.640625
735.281250,0.687500
735.906250,0.625000
736.609375,0.703125
737.343750,0.734375
738.062500,0.718750
738.781250,0.718750
739.500000,0.718750
742.781250,0.640625
743.453125,0.671875
744.031250,0.578125
744.687500,0.656250
745.312500,0.625000
745.937500,0.625000
746.609375,0.671875
747.296875,0.687500
748.000000,0.703125
748.625000,0.625000
749.281250,0.656250
749.953125,0.671875
750.562500,0.609375
751.265625,0.703125
751.937500,0.671875
752.640625,0.703125
753.187500,0.546875
753.984375,0.796875
754.609375,0.625000
939.375000,0.578125
966.078125,0.468750
981.515625,0.406250
988.828125,0.546875
993.484375,0.625000
993.984375,0.500000
998.093750,0.500000
998.687500,0.593750
1048.312500,0.468750
1070.343750,0.640625
1111.562500,0.359375
1112.031250,0.468750
1173.265625,0.328125
1226.984375,0.343750
1227.359375,0.375000
1310.968750,0.531250
1313.093750,0.515625
1313.546875,0.453125
1385.593750,0.390625
1430.421875,0.343750
1474.843750,0.500000
1475.312500,0.468750
1475.703125,0.390625
1476.046875,0.343750
1476.406250,0.359375
1501.171875,0.468750
1511.406250,0.500000
1621.750000,0.390625
1632.468750,0.343750
1751.171875,0.328125
